"Median Household Income (Current Year $)"
85896.00604292392
81696.48554586899
84184.95876489308
137037.79497688566
90355.26861442598
85401.80062865045
92061.41690704922
85462.54193865196
111473.41044760306
106726.58378770285
83249.71319754413
86385.30412727504
86335.79005861722
96355.63704337321
89029.68898082759
68329.77392725114
103850.26652658018
116291.53965777246
77308.02495860527
76736.36252955584
135506.1127940677
90994.61379142155
78168.39260744632
105190.50322904516
74466.60535684411
89965.0151917285
93893.4399329629
125564.54589291691
92390.0102717784
99285.96965212259
102301.82656128096
124745.20350018187
99700.08731726077
96063.05391039516
92482.59557987783
87515.12514846721
129871.67683033485
76612.01697318249
92757.77956624911
85007.91276279377
98435.75142571042
120611.50653732686
100361.77532568804
100258.2459094035
116226.33743980419
75877.51850229106
87824.79163181197
87145.53529639643
133784.53571696274
102923.00305898822
128744.6280725156
89341.05496057725
106370.6537421371
111646.48170070298
85221.24629654641
84710.82835084682
119082.59455731434
89648.8053855709
115972.91985982255
97895.24662061274
84446.49918402298
113144.07309281183
81295.61667848787
106295.34564920992
90965.80560602064
83720.54697769035
109634.41000160776
94837.11595615675
98263.41980583877
119750.30574395342
101311.54518812448
103715.22815751338
89257.12010942883
84544.28102899778
104613.05877402498
105650.7781141374
104670.18274865847
82258.34659215702
89185.99990172032
106152.44022663962
121171.18799888073
85114.80577785539
96027.04367864401
89496.46789272182
79727.9125322822
133452.87828364383
97449.44783281423
84893.91182810355
80361.87268170444
102892.8286609338
128608.48956112776
88878.33622226414
84374.37313926265
85782.13274544338
117121.26639069397
112713.33497605553
120804.74852377301
85656.09693431437
95369.85694918562
84285.00736038953
107037.17203655647
73748.41355000462
108013.87114931626
88195.28113770136
96963.30970417378
118952.12141412386
83582.32319969167
101979.11448970702
91944.13812871536
87828.54688993123
114113.18257565639
126862.1160650035
98772.8238496688
121018.14451393837
109656.91639645224
114527.30024079455
114788.37442099034
90564.46958741712
88471.71630495453
92796.42703086343
102137.7675192216
106379.98530709808
83344.69122139133
119750.17129919054
85835.24783727631
117680.87877588914
100776.6141124764
73155.22691228424
82499.9784109078
113030.25997912348
79698.2040910875
79874.81106723855
127146.69410421074
73335.19614066023
67260.79593237957
91084.63937079941
114032.15955421631
83558.50093481019
103818.75757379792
99817.12057045198
92535.38575351085
108835.91728546047
103432.06089505646
94577.76493969327
127665.66848392559
101612.01058307315
129456.66678878339
116757.71399523178
86046.80794881428
80221.41492577143
91027.45729893167
97998.60386701918
89167.88986620535
77981.33403412435
97422.44015900088
80459.28499984145
77696.03520572385
75548.02488176807
127963.25846211336
92417.01794559177
87307.46641468821
125969.55137972072
138951.2399260084
105578.7576506351
75797.39573664476
110107.04429334155
86206.36472731439
78718.72578745637
115814.66602589798
109301.95914002176
91813.50281936061
103242.59386577959
80785.71308997207
70512.89422716427
74555.94299702405
116674.5643154502
76279.17749872436
121738.34914896124
74321.8764906416
96466.24822733548
116696.8453774642
110296.09801003504
83599.01244553023
85106.94090010942
74728.68202004752
105290.67579662596
82786.35110059573
108279.52503197096
103141.75158855357
82901.82163116004
105251.3871394308
85730.5132142823
97543.97469116098
62138.5984810831
94387.67787817316
90240.65614430881
86929.95888251111
77328.11358975629
82459.04218554421
74996.58384525905
111142.33845618696
75950.36741018089
111827.62278418046
108628.44751281811
73025.49948807561
107251.3976792667
80613.35027597996
86640.76633998932
88797.98965460173
73666.92500999488
99703.7093262014
80980.16834142825
81936.23999442114
121463.36997846465
125546.43115664477
111682.49193245413
117638.22645814417
73429.722999007
104547.06451096482
99627.17723092956
93303.7699024637
75524.99268724356
74039.19617139512
98285.98264946416
84724.3321877535
122273.62908112508
84422.74649683766
133189.60284582525
91718.41900419471
88911.00435371706
132606.25778540096
85313.09947688472
80031.78417529086
90715.53449535018
72978.98309528988
69707.86693694636
119494.13375448051
140022.13575849112
70093.80556432293
118858.58565089294
83924.90504287809
92431.26495464663
114873.18441583088
97032.85102493365
126032.56928528525
80524.02847879856
99718.09243313633
108297.53014784653
76788.72227800304
92010.56519173512
80391.51062752354
84916.07852324429
93888.93616841981
102533.07686006524
78031.74835857595
131992.2626400997
81597.74381596038
85016.91532073155
111035.64803384038
77618.6132074589
108612.61967566908
117012.00623162354
105061.93651544987
114300.7174815881
97173.9905456835
111925.56099677434
92530.86825581889
82482.16482464907
85891.03785007217
116981.73519871444
89953.8531626064
111034.30776093353
70619.82402670647
72844.5567330509
122320.91053915177
105866.83950464427
103132.94892268823
90711.03321638129
93096.71106989462
123791.06912863438
104308.13406942484
99209.44790965141
95795.21263202297
89297.63162014887
79844.9457854734
86883.05890062847
85962.18390419909
82835.4821380994
75276.14763204694
83355.69178397181
84964.7004846924
119229.52002575321
73104.64839922558
111818.72075766925
95592.22013024893
81726.48039447071
115228.0910609724
72869.7638952767
79110.33705775006
134366.680061093
112394.90178266198
81575.91795138609
111547.03951991515
128265.20365385624
94289.54999665127
91206.8071863402
98673.79571235314
95806.16450415111
83662.03035109473
89530.53973746345
123331.80190394942
83346.94082327222
119892.8247717151
106515.38246792839
120818.8707567257
91656.44685471962
74519.9327652729
85683.10460812773
79370.15459949283
92656.51146080568
98804.9456372551
114860.39488449262
91534.76726768873
91134.15343945724
131425.10149001912
89777.90225716695
98394.71641628176
83148.88454864093
90423.87709223472
109681.66120478408
112763.28141129698
121792.36449658798
110053.02894571482
85640.70590521398
73429.63114803476
137762.90227822063
84489.71009547755
99886.63889230919
75592.98642672689
104975.58626880344
94769.66937848707
103969.10029135895
77506.08123323656
90413.00431881544
75525.99760555259
79892.65934254367
90190.68536757724
100631.85206382161
111905.35712385578
113158.91143425106
124826.22652162194
112800.62779841622
89796.37332990221
88667.45256450384
91467.65729575753
105123.24920474864
79812.53657689737
87165.82590048111
80668.67983678084
95973.8274192207
106668.06716110723
78186.6746133332
114392.26187172775
81197.12998772888
95184.55320978095
100025.97991460863
92655.58735535735
118711.31240313857
112386.1887711359
143326.48308377241
138375.07621799008
92822.13305279214
81504.1172134074
112579.85538871247
95063.26117903758
82436.31666714669
122755.63819593113
104626.61435564254
78047.12231474175
96637.97563165512
76175.50317003178
103841.2639686424
120058.78729549507
99586.61522342578
89437.17126818455
90875.88888542216
120387.96545829333
114302.2362923499
79946.67469017039
82685.25281484493
82892.31164741401
78913.18103891255
79896.26036571879
101694.15390048039
97278.3992319963
83459.47279749454
79265.18105427998
104093.33559090042
111286.37938319152
97528.69132843225
96493.18889883802
126266.63579166771
98203.8988129835
101127.90504080775
73214.56186429391
114787.23890354074
87510.76878190636
72172.96591089205
78962.69510757037
104179.11176655255
96674.10401479878
109642.89091661297
102285.79990279226
131254.05288920124
93335.27885524595
81007.34190725861
81239.44201003648
119971.36589507689
72553.7741116604
112102.13769058311
84017.5028526828
80823.75849000739
83345.26374451771
104543.46348778969
104426.43023459849
80198.7463124284
80309.72179519381
105704.79346176411
110215.07498859498
101317.42508989942
83783.61858595684
78048.93547688508
108702.6452550469
93906.94128429538
89648.6740483937
78915.52809405232
70703.74845544534
75425.59009381419
105164.63998549695
106397.99042297366
73657.48771483298
124011.82452834447
81649.95865199954
66074.63316383572
119746.58289504494
77916.4815228471
71519.60561040147
108414.56340103775
115049.44860118613
80484.12739905622
115886.68648940024
90961.75506731514
86582.46014611256
82575.98175368871
78366.72577208892
94734.9433751547
105024.79634956803
77199.99426335184
92353.21658731511
73415.11701642317
83318.82672632573
96661.72401325793
90755.12702912507
97062.33784148943
127434.95357199511
86325.88724488566
89806.27614363378
83686.33725752676
108523.73353283922
82708.41757113204
101113.48891349319
103094.05165980614
98966.37884533119
96828.27133510698
70109.49737332413
102230.74256563233
122116.45658234827
123607.25722193849
79971.8818523962
85930.67495141685
85866.75703444036
117273.0804118193
87671.76965658469
100348.27148878136
81467.39410448272
88898.38304469871
87067.36387832215
117417.1213388239
86008.0969496818
82922.6265391091
90439.44168890866
121480.6585727926
72458.34699751987
103235.39181942938
77850.87920225377
114690.57642076153
82171.90637247366
80721.38435286246
77141.47763675623
105397.90258664798
90156.43578359476
105695.79090382633
77315.5516527976
101055.87254269136
73336.99665224779
114505.50420902797
115843.08247071822
101689.6526215115
75442.83733521686
93765.48827205198
125348.37488201354
120331.73546346033
121693.3363592723
78384.7308879645
94649.65231416273
101644.63983182257
106273.64976440018
91008.11762832823
128311.67123104192
88805.29575265545
112482.77411161613
111319.14008354091
75138.40849559881
81172.82308129687
109612.51172238673
131547.51782549464
100505.81625269262
92043.41179117364
95182.18892879116
89864.7927702294
94760.38377679749
127950.11412603373
91788.95191696408
111511.44333163617
87371.08422146263
78365.22394634136
115862.30401526633
77159.4827526318
98963.75245158887
92450.32740996158
112068.6271885318
78827.65673850357
124466.58781763955
72172.06565509827
99426.5268518132
99614.5630168518
115274.5125496308
116525.8681029831
121056.53157306531
85737.11995575445
100335.14425737927
109341.82686862972
93600.69595766124
81780.73574673779
73304.05069401643
84377.73370714874
94019.47325851771
109077.16128802083
86858.89237750458
120738.55528984984
122143.46425616165
98106.63456227261
76591.38708998602
105357.52826067567
104300.39442346946
97539.47341219209
121541.90900915377
113202.74846449864
115377.0292938079
110386.12358941292
134197.88933485732
85061.92811042049
93817.81596071129
92327.82286484417
116939.98576812123
119564.72420305843
108533.42983325801
99218.4504675892
89486.68533684238
92056.25809253917
102841.35756759734
97197.3762105562
92362.3287832951
84513.6723320093
106767.78631141572
92769.36275128354
85255.48310608289
98808.83408141993
120801.98601111813
82979.25172445925
86371.80029036837
102959.01329073934
107933.53643240544
106757.80003298524
86311.02789246188
96013.53984173734
126698.7585726814
90314.9206671187
108946.13999828503
99566.17082862668
90485.96926793663
74753.63713780223
125114.30837563108
126797.78670999712
86864.0749445726
87092.90518118504
79103.13501139983
128595.55332333327
94135.65995861714
107846.2683271358
101522.23036217419
77337.73339979997
75230.28711269441
81006.27575944782
72841.85596566956
87505.72750485413
93878.64721288432
104247.68845970038
114603.61718725844
115645.28114265564
126878.8097314372
114775.24606056124
106668.06716110722
84398.10501889647
91611.2890101599
85362.61354554254
72471.145660459
81015.2783173856
101802.21746311344
121151.87320685232
96126.07181595966
94007.76993319858
106338.59452634979
123116.36069711429
103544.17955669545
80861.71425787617
96640.3394988462
95810.98228813715
126387.98212993494
81500.51619023227
92227.96422889826
100973.35146980954
85840.22299687822
105236.66044899923
100115.06294211006
114871.73486652253
87244.03806515783
97958.09235629914
102094.76772871186
113815.90628486354
81616.84780445836
89824.28125950934
119145.61246287884
108144.48666290415
86506.83865943516
98349.70362659285
111574.4612372007
79627.99763846087
83094.86920101421
101957.37939032946
121063.15730362729
84854.5935325213
114734.3590733636
108711.64781298471
118274.77801526642
90118.66490407495
100312.26125703022
85943.27853252974
76851.12199457563
70566.25281220974
85561.57007596761
77694.23469413629
87431.906070681
108171.49433671753
99398.50162634492
111777.42519817431
118396.7217807869
90301.41683021201
112714.01475957781
89154.49094893807
101085.39015125824
109467.86267975873
95337.4477406096
91458.24552521753
83428.86410050608
115499.57649807548
81571.60678616524
80934.25529594554
100888.42496504853
108261.67472814716
91732.82354232001
118384.98660045344
97476.4555066276
81559.83486639094
96342.13320646652
95851.2977554319
113391.69843511039
111628.4765848274
99502.93129842325
86943.46271941779
82258.44931036654
82929.93638769482
77302.6234238426
109224.7936154385
102992.84624376395
102281.61964237258
76402.36763006398
94314.2349666225
77544.79223236904
97137.9946878876
76094.72015323206
72146.74175658566
77796.2166750781
70511.08842920158
93506.32745606388
83205.60066364898
85345.50868546075
107577.32551282363
80367.3637827126
127337.94018626428
101956.12833646996
105191.6476593103
87937.45005309892
104877.50996541708
94316.74024159026
112581.13232782861
69936.07375656471
94830.74692986112
91660.80307881773
130510.02653913246
88037.2735088588
97712.61092229912
96592.7963395168
83022.84873751191
82497.23825062264
103629.70385710444
80481.19061884972
89450.67510509123
95817.0125705879
123493.84794682954
75654.25506543396
98844.84431317107
82559.21700371592
84919.71525638686
68708.6632347418
77960.71040909477
86175.70236695459
76667.94308922868
111981.46805638655
117651.4469029273
123675.389667356
88849.86821460201
115535.5867298266
94460.59859746923
113879.11606927394
126545.7150877391
75516.51592898583
61540.490049489556
112174.22776767089
104003.31001152255
104957.58115292786
75835.27279020738
77168.48531056958
100170.0208416132
113084.84907807467
71505.8763677021
108762.77972639403
85413.31343544213
70649.6147261285
129183.46456351044
126050.57440116082
107163.20784768548
96463.66773862664
76102.5824507357
76110.23717228552
111917.61174846387
84013.24949136082
109765.22218859561
105106.12335890134
117165.0497165659
93770.27609209389
98894.35838182889
107643.96542732877
102023.33776847665
74562.2447875805
110701.21311723543
120340.76460469453
77459.43801702032
119616.947318722
82559.21700371594
108225.19614756653
102643.92376291683
114554.3079146079
93834.84957111708
119082.59455731431
80799.21692687874
90565.32565699762
82886.25257711021
84550.78197162556
81803.90239273568
92808.62921588545
86757.51516765382
83054.35769029417
124015.99630722115
69329.95811413918
87593.44740252596
68740.29056921418
128298.05061446573
96370.28786331539
78255.09405366037
105767.81136732863
74373.19107088698
80526.43942136382
84991.70815850575
112426.26461790511
83564.43049562359
111782.5334259771
100935.91401051915
125771.49510508945
97778.18261001022
76162.89958891887
77719.4418563621
79281.99807072502
78367.50860661069
84775.4574319889
115445.56115044872
79008.89115674095
132738.05441237404
96243.31909864274
117988.56893053988
71242.44141435923
85214.97159536285
98421.72409009513
77912.96829649915
82442.18375052471
87042.49085673344
129345.51060639056
80079.8143414189
93119.36418625496
102733.29180675355
110552.84438014317
96576.19971284896
87547.33214539709
123581.83454431166
104588.47627747864
76838.09143425284
127617.01948233561
95621.92857144363
104465.14679926675
87675.40023249426
72249.9348219558
115127.48496567292
116615.89368236094
77319.72828392439
91671.19423154938
